10
SUP35_Kla_AB039749                     0.0000000 0.6219423 0.6971189 0.6959996 0.6897376 0.6979371 0.6620500 0.7016907 0.7147987 0.6908504 
SUP35_Agos_ATCC_10895_NM_211584        0.6219423 0.0000000 0.7371242 0.7359826 0.7451247 0.7414799 0.7360007 0.8096041 0.7430430 0.7861860 
SUP35_Scer_74-D694_GCA_001578265.1     0.6971189 0.7371242 0.0000000 0.0009751 0.0025225 0.0797502 0.1547599 0.1956383 0.1999014 0.2289262 
SUP35_Sbou_unique28_CM003560           0.6959996 0.7359826 0.0009751 0.0000000 0.0025213 0.0796966 0.1546333 0.1954590 0.2016526 0.2287041 
SUP35_Scer_beer078_CM005938            0.6897376 0.7451247 0.0025225 0.0025213 0.0000000 0.0814413 0.1543712 0.1973349 0.1966858 0.2263615 
SUP35_Spar_A12_Liti                    0.6979371 0.7414799 0.0797502 0.0796966 0.0814413 0.0000000 0.1398759 0.1768035 0.1934488 0.2153165 
SUP35_Smik_IFO1815T_30                 0.6620500 0.7360007 0.1547599 0.1546333 0.1543712 0.1398759 0.0000000 0.1819052 0.2018775 0.2143933 
SUP35_Sarb_H-6_chrXIII_CM001575        0.7016907 0.8096041 0.1956383 0.1954590 0.1973349 0.1768035 0.1819052 0.0000000 0.1941975 0.1785691 
SUP35_Skud_IFO1802T_36                 0.7147987 0.7430430 0.1999014 0.2016526 0.1966858 0.1934488 0.2018775 0.1941975 0.0000000 0.1960147 
SUP35_Seub_CBS12357_chr_II_IV_DF968535 0.6908504 0.7861860 0.2289262 0.2287041 0.2263615 0.2153165 0.2143933 0.1785691 0.1960147 0.0000000 
