10
SUP35_Kla_AB039749                     0.0000000 0.3285657 0.3666206 0.3657153 0.3646412 0.3627814 0.3507210 0.3632886 0.3698788 0.3551594 
SUP35_Agos_ATCC_10895_NM_211584        0.3285657 0.0000000 0.3765431 0.3756029 0.3793291 0.3746842 0.3688618 0.3942636 0.3912397 0.3964886 
SUP35_Scer_74-D694_GCA_001578265.1     0.3666206 0.3765431 0.0000000 0.0009739 0.0025114 0.0715486 0.1299787 0.1555139 0.1586452 0.1775084 
SUP35_Sbou_unique28_CM003560           0.3657153 0.3756029 0.0009739 0.0000000 0.0025113 0.0715435 0.1299671 0.1554987 0.1598586 0.1774895 
SUP35_Scer_beer078_CM005938            0.3646412 0.3793291 0.0025114 0.0025113 0.0000000 0.0727584 0.1295001 0.1564478 0.1569053 0.1756350 
SUP35_Spar_A12_Liti                    0.3627814 0.3746842 0.0715486 0.0715435 0.0727584 0.0000000 0.1188374 0.1437302 0.1558078 0.1680885 
SUP35_Smik_IFO1815T_30                 0.3507210 0.3688618 0.1299787 0.1299671 0.1295001 0.1188374 0.0000000 0.1473051 0.1624061 0.1686405 
SUP35_Sarb_H-6_chrXIII_CM001575        0.3632886 0.3942636 0.1555139 0.1554987 0.1564478 0.1437302 0.1473051 0.0000000 0.1552142 0.1452913 
SUP35_Skud_IFO1802T_36                 0.3698788 0.3912397 0.1586452 0.1598586 0.1569053 0.1558078 0.1624061 0.1552142 0.0000000 0.1552951 
SUP35_Seub_CBS12357_chr_II_IV_DF968535 0.3551594 0.3964886 0.1775084 0.1774895 0.1756350 0.1680885 0.1686405 0.1452913 0.1552951 0.0000000 
